# BEGIN PLOT
Legend=1
LogY=0
RatioPlotYMin=0.75
RatioPlotYMax=1.25
Title=CMS, 13 TeV, $Z \to \ell^+ \ell^-$, $1.6 < |y^{Z}| < 2.4$
XMin=0.1
LogX=1
XLabel=$p_{T}^{Z}$ [GeV]
YLabel=$d\sigma/dp_{T}^{Z}$ [pb/GeV]
DrawOnly=/CMS_2019_I1753680/d29-x01-y05 //afs/desy.de/user/s/shaikhar/PYTHIA/pythiaexamples/Rivet.yoda/CMS_2019_I1753680/d29-x01-y05
LegendOnly=/CMS_2019_I1753680/d29-x01-y05 //afs/desy.de/user/s/shaikhar/PYTHIA/pythiaexamples/Rivet.yoda/CMS_2019_I1753680/d29-x01-y05
RatioPlot=1
RatioPlotReference=/CMS_2019_I1753680/d29-x01-y05
# END PLOT

# BEGIN HISTO1D /CMS_2019_I1753680/d29-x01-y05
ConnectBins=0
ErrorBars=1
IsRef=1
Path=/CMS_2019_I1753680/d29-x01-y05
PolyMarker=*
Title=Data
# xlow	 xhigh	 val	 errminus	 errplus
0.000000e+00	1.000000e+00	1.566100e+00	7.725500e-02	7.725500e-02
1.000000e+00	2.000000e+00	3.603100e+00	1.673300e-01	1.673300e-01
2.000000e+00	3.000000e+00	5.144200e+00	2.276900e-01	2.276900e-01
3.000000e+00	4.000000e+00	5.899100e+00	2.519200e-01	2.519200e-01
4.000000e+00	5.000000e+00	5.817800e+00	2.410500e-01	2.410500e-01
5.000000e+00	6.000000e+00	5.652100e+00	2.270600e-01	2.270600e-01
6.000000e+00	7.000000e+00	5.423300e+00	2.115000e-01	2.115000e-01
7.000000e+00	8.000000e+00	4.962200e+00	1.886000e-01	1.886000e-01
8.000000e+00	9.000000e+00	4.680200e+00	1.738700e-01	1.738700e-01
9.000000e+00	1.000000e+01	4.500000e+00	1.636500e-01	1.636500e-01
1.000000e+01	1.100000e+01	4.193100e+00	1.506800e-01	1.506800e-01
1.100000e+01	1.200000e+01	3.781500e+00	1.362500e-01	1.362500e-01
1.200000e+01	1.300000e+01	3.416900e+00	1.232400e-01	1.232400e-01
1.300000e+01	1.400000e+01	3.182600e+00	1.132300e-01	1.132300e-01
1.400000e+01	1.600000e+01	2.958000e+00	1.022200e-01	1.022200e-01
1.600000e+01	1.800000e+01	2.554700e+00	8.583500e-02	8.583500e-02
1.800000e+01	2.000000e+01	2.168300e+00	7.166100e-02	7.166100e-02
2.000000e+01	2.200000e+01	2.013600e+00	6.561600e-02	6.561600e-02
2.200000e+01	2.500000e+01	1.693800e+00	5.410300e-02	5.410300e-02
2.500000e+01	2.800000e+01	1.427300e+00	4.438300e-02	4.438300e-02
2.800000e+01	3.200000e+01	1.159200e+00	3.521500e-02	3.521500e-02
3.200000e+01	3.700000e+01	9.105500e-01	2.730100e-02	2.730100e-02
3.700000e+01	4.300000e+01	7.004700e-01	2.112400e-02	2.112400e-02
4.300000e+01	5.200000e+01	4.871600e-01	1.517200e-02	1.517200e-02
5.200000e+01	6.500000e+01	2.813200e-01	9.231600e-03	9.231600e-03
6.500000e+01	8.500000e+01	1.381200e-01	4.737200e-03	4.737200e-03
8.500000e+01	1.200000e+02	5.917700e-02	2.109200e-03	2.109200e-03
1.200000e+02	1.600000e+02	2.350200e-02	9.024000e-04	9.024000e-04
1.600000e+02	1.900000e+02	1.070200e-02	4.483900e-04	4.483900e-04
1.900000e+02	2.200000e+02	5.937100e-03	2.679700e-04	2.679700e-04
2.200000e+02	2.500000e+02	3.349400e-03	1.617800e-04	1.617800e-04
2.500000e+02	3.000000e+02	1.689300e-03	8.660700e-05	8.660700e-05
3.000000e+02	4.000000e+02	5.386400e-04	3.034400e-05	3.034400e-05
4.000000e+02	1.500000e+03	1.364300e-05	8.837200e-07	8.837200e-07
# END HISTO1D


# BEGIN HISTO1D //afs/desy.de/user/s/shaikhar/PYTHIA/pythiaexamples/Rivet.yoda/CMS_2019_I1753680/d29-x01-y05
ErrorBars=1
LineColor=red
LineStyle=solid
Path=//afs/desy.de/user/s/shaikhar/PYTHIA/pythiaexamples/Rivet.yoda/CMS_2019_I1753680/d29-x01-y05
ScaledBy=6.57348654999999980e+01
Title=Rivet
# xlow	 xhigh	 val	 errminus	 errplus
0.000000e+00	1.000000e+00	0.000000e+00	0.000000e+00	0.000000e+00
1.000000e+00	2.000000e+00	0.000000e+00	0.000000e+00	0.000000e+00
2.000000e+00	3.000000e+00	0.000000e+00	0.000000e+00	0.000000e+00
3.000000e+00	4.000000e+00	0.000000e+00	0.000000e+00	0.000000e+00
4.000000e+00	5.000000e+00	0.000000e+00	0.000000e+00	0.000000e+00
5.000000e+00	6.000000e+00	0.000000e+00	0.000000e+00	0.000000e+00
6.000000e+00	7.000000e+00	0.000000e+00	0.000000e+00	0.000000e+00
7.000000e+00	8.000000e+00	0.000000e+00	0.000000e+00	0.000000e+00
8.000000e+00	9.000000e+00	0.000000e+00	0.000000e+00	0.000000e+00
9.000000e+00	1.000000e+01	0.000000e+00	0.000000e+00	0.000000e+00
1.000000e+01	1.100000e+01	0.000000e+00	0.000000e+00	0.000000e+00
1.100000e+01	1.200000e+01	0.000000e+00	0.000000e+00	0.000000e+00
1.200000e+01	1.300000e+01	0.000000e+00	0.000000e+00	0.000000e+00
1.300000e+01	1.400000e+01	0.000000e+00	0.000000e+00	0.000000e+00
1.400000e+01	1.600000e+01	0.000000e+00	0.000000e+00	0.000000e+00
1.600000e+01	1.800000e+01	0.000000e+00	0.000000e+00	0.000000e+00
1.800000e+01	2.000000e+01	3.286744e+01	3.286743e+01	3.286743e+01
2.000000e+01	2.200000e+01	0.000000e+00	0.000000e+00	0.000000e+00
2.200000e+01	2.500000e+01	0.000000e+00	0.000000e+00	0.000000e+00
2.500000e+01	2.800000e+01	0.000000e+00	0.000000e+00	0.000000e+00
2.800000e+01	3.200000e+01	0.000000e+00	0.000000e+00	0.000000e+00
3.200000e+01	3.700000e+01	0.000000e+00	0.000000e+00	0.000000e+00
3.700000e+01	4.300000e+01	0.000000e+00	0.000000e+00	0.000000e+00
4.300000e+01	5.200000e+01	0.000000e+00	0.000000e+00	0.000000e+00
5.200000e+01	6.500000e+01	0.000000e+00	0.000000e+00	0.000000e+00
6.500000e+01	8.500000e+01	0.000000e+00	0.000000e+00	0.000000e+00
8.500000e+01	1.200000e+02	0.000000e+00	0.000000e+00	0.000000e+00
1.200000e+02	1.600000e+02	0.000000e+00	0.000000e+00	0.000000e+00
1.600000e+02	1.900000e+02	0.000000e+00	0.000000e+00	0.000000e+00
1.900000e+02	2.200000e+02	0.000000e+00	0.000000e+00	0.000000e+00
2.200000e+02	2.500000e+02	0.000000e+00	0.000000e+00	0.000000e+00
2.500000e+02	3.000000e+02	0.000000e+00	0.000000e+00	0.000000e+00
3.000000e+02	4.000000e+02	0.000000e+00	0.000000e+00	0.000000e+00
4.000000e+02	1.500000e+03	0.000000e+00	0.000000e+00	0.000000e+00
# END HISTO1D

